   i                   x                   u                  u^                  u'                 u'^                   h               Error        C1      C2
   0                   0                   0                   -                   1                   -                   -                   -         0       0
   1             0.00625           0.0187499           0.0187497            0.999951            0.999888             0.00625         4.23164e-06         4       0
   2              0.0125            0.037498           0.0374966            0.999551            0.999487             0.00625         4.23085e-06         4       0
   3             0.01875           0.0562376           0.0562351            0.998799            0.998736             0.00625         4.22857e-06         4       0
   4               0.025           0.0749623           0.0749586            0.997697            0.997633             0.00625         4.22483e-06         4       0
   5             0.03125           0.0936654           0.0936604            0.996244            0.996181             0.00625         4.21963e-06         4       0
   6              0.0375             0.11234            0.112334            0.994442            0.994379             0.00625           4.213e-06         4       0
   7             0.04375             0.13098            0.130973            0.992291            0.992229             0.00625         4.20499e-06         4       0
   8                0.05            0.149579            0.149571            0.989795            0.989732             0.00625         4.19561e-06         4       0
   9             0.05625            0.168131            0.168121            0.986953            0.986891             0.00625         4.18493e-06         4       0
  10              0.0625            0.186628            0.186617            0.983768            0.983706             0.00625           4.173e-06         4       0
  11             0.06875            0.205064            0.205052            0.980241             0.98018             0.00625         4.15987e-06         4       0
  12               0.075            0.223434            0.223421            0.976377            0.976316             0.00625         4.14561e-06         4       0
  13             0.08125             0.24173            0.241716            0.972175            0.972115             0.00625         4.13028e-06         4       0
  14              0.0875            0.259947            0.259931            0.967641            0.967581             0.00625         4.11397e-06         4       0
  15             0.09375            0.278077            0.278061            0.962776            0.962717             0.00625         4.09676e-06         4       0
  16                 0.1            0.296116            0.296098            0.957584            0.957525             0.00625         4.07872e-06         4       0
  17             0.10625            0.314056            0.314037            0.952068             0.95201             0.00625         4.05994e-06         4       0
  18              0.1125            0.331892            0.331872            0.946231            0.946174             0.00625         4.04051e-06         4       0
  19             0.11875            0.349618            0.349597            0.940078            0.940022             0.00625         4.02053e-06         4       0
  20               0.125            0.367228            0.367206            0.933613            0.933557             0.00625         4.00009e-06         4       0
  21             0.13125            0.384715            0.384692            0.926838            0.926783             0.00625         3.97928e-06         4       0
  22              0.1375            0.402075            0.402051             0.91976            0.919705             0.00625          3.9582e-06         4       0
  23             0.14375            0.419301            0.419276            0.912381            0.912328             0.00625         3.93695e-06         4       0
  24                0.15            0.436389            0.436363            0.904707            0.904654             0.00625         3.91563e-06         4       0
  25             0.15625            0.453331            0.453304            0.896742             0.89669             0.00625         3.89432e-06         4       0
  26              0.1625            0.470124            0.470096            0.888491             0.88844             0.00625         3.87313e-06         4       0
  27             0.16875            0.486761            0.486732            0.879959            0.879908             0.00625         3.85214e-06         4       0
  28               0.175            0.503237            0.503207             0.87115            0.871101             0.00625         3.83144e-06         4       0
  29             0.18125            0.519547            0.519517             0.86207            0.862022             0.00625         3.81111e-06         4       0
  30              0.1875            0.535687            0.535655            0.852725            0.852677             0.00625         3.79124e-06         4       0
  31             0.19375            0.551651            0.551618            0.843118            0.843072             0.00625         3.77191e-06         4       0
  32                 0.2            0.567433              0.5674            0.833257            0.833211             0.00625         3.75317e-06         4       0
  33             0.20625            0.583031            0.582996            0.823145            0.823101             0.00625         3.73511e-06         4       0
  34              0.2125            0.598438            0.598403            0.812788            0.812745             0.00625         3.71777e-06         4       0
  35             0.21875             0.61365            0.613614            0.802193            0.802151             0.00625         3.70122e-06         4       0
  36               0.225            0.628663            0.628626            0.791364            0.791322             0.00625          3.6855e-06         4       0
  37             0.23125            0.643472            0.643435            0.780306            0.780266             0.00625         3.67065e-06         4       0
  38              0.2375            0.658073            0.658035            0.769026            0.768987             0.00625         3.65671e-06         4       0
  39             0.24375            0.672463            0.672424            0.757529            0.757491             0.00625         3.64371e-06         4       0
  40                0.25            0.686636            0.686596            0.745821            0.745783             0.00625         3.63166e-06         4       0
  41             0.25625            0.700589            0.700549            0.733906             0.73387             0.00625         3.62059e-06         4       0
  42              0.2625            0.714318            0.714277            0.721791            0.721756             0.00625         3.61049e-06         4       0
  43             0.26875             0.72782            0.727778            0.709482            0.709447             0.00625         3.60138e-06         4       0
  44               0.275             0.74109            0.741048            0.696983            0.696949             0.00625         3.59324e-06         4       0
  45             0.28125            0.754126            0.754083              0.6843            0.684267             0.00625         3.58608e-06         4       0
  46              0.2875            0.766923            0.766879            0.671438            0.671407             0.00625         3.57986e-06         4       0
  47             0.29375            0.779478            0.779434            0.658404            0.658373             0.00625         3.57458e-06         4       0
  48                 0.3            0.791789            0.791744            0.645201            0.645172             0.00625         3.57021e-06         4       0
  49             0.30625            0.803852            0.803806            0.631836            0.631808             0.00625         3.56671e-06         4       0
  50              0.3125            0.815663            0.815618            0.618314            0.618287             0.00625         3.56406e-06         4       0
  51             0.31875            0.827221            0.827175             0.60464            0.604614             0.00625         3.56223e-06         4       0
  52               0.325            0.838522            0.838475             0.59082            0.590794             0.00625         3.56116e-06         4       0
  53             0.33125            0.849564            0.849516            0.576857            0.576832             0.00625         3.56081e-06         4       0
  54              0.3375            0.860343            0.860295            0.562757            0.562733             0.00625         3.56116e-06         4       0
  55             0.34375            0.870858             0.87081            0.548525            0.548502             0.00625         3.56214e-06         4       0
  56                0.35            0.881105            0.881057            0.534167            0.534145             0.00625         3.56371e-06         4       0
  57             0.35625            0.891083            0.891034            0.519686            0.519664             0.00625         3.56583e-06         4       0
  58              0.3625            0.900789             0.90074            0.505087            0.505066             0.00625         3.56845e-06         4       0
  59             0.36875            0.910221            0.910172            0.490375            0.490355             0.00625         3.57152e-06         4       0
  60               0.375            0.919377            0.919327            0.475555            0.475536             0.00625         3.57499e-06         4       0
  61             0.38125            0.928255            0.928205             0.46063            0.460612             0.00625         3.57882e-06         4       0
  62              0.3875            0.936853            0.936802            0.445606            0.445589             0.00625         3.58296e-06         4       0
  63             0.39375            0.945169            0.945117            0.430486             0.43047             0.00625         3.58737e-06         4       0
  64                 0.4            0.953201            0.953149            0.415275             0.41526             0.00625           3.592e-06         4       0
  65             0.40625            0.960947            0.960895            0.399977            0.399962             0.00625          3.5968e-06         4       0
  66              0.4125            0.968407            0.968355            0.384596            0.384582             0.00625         3.60175e-06         4       0
  67             0.41875            0.975578            0.975525            0.369136            0.369122             0.00625          3.6068e-06         4       0
  68               0.425            0.982458            0.982406              0.3536            0.353587             0.00625         3.61191e-06         4       0
  69             0.43125            0.989048            0.988995            0.337993            0.337981             0.00625         3.61705e-06         4       0
  70              0.4375            0.995344            0.995291            0.322319            0.322307             0.00625         3.62219e-06         4       0
  71             0.44375             1.00135             1.00129             0.30658            0.306569             0.00625         3.62728e-06         4       0
  72                0.45             1.00705               1.007            0.290781             0.29077             0.00625         3.63231e-06         4       0
  73             0.45625             1.01246             1.01241            0.274925            0.274915             0.00625         3.63724e-06         4       0
  74              0.4625             1.01758             1.01752            0.259015            0.259006             0.00625         3.64205e-06         4       0
  75             0.46875             1.02239             1.02234            0.243055            0.243046             0.00625         3.64672e-06         4       0
  76               0.475             1.02691             1.02685            0.227048             0.22704             0.00625         3.65122e-06         4       0
  77             0.48125             1.03112             1.03107            0.210998            0.210991             0.00625         3.65553e-06         4       0
  78              0.4875             1.03504             1.03498            0.194908            0.194901             0.00625         3.65963e-06         4       0
  79             0.49375             1.03865              1.0386             0.17878            0.178774             0.00625          3.6635e-06         4       0
  80                 0.5             1.04196             1.04191            0.162619            0.162613             0.00625         3.66713e-06         4       0
  81             0.50625             1.04497             1.04491            0.146426            0.146421             0.00625         3.67051e-06         4       0
  82              0.5125             1.04767             1.04762            0.130205            0.130201             0.00625         3.67362e-06         4       0
  83             0.51875             1.05007             1.05002             0.11396            0.113956             0.00625         3.67645e-06         4       0
  84               0.525             1.05216             1.05211           0.0976922           0.0976887             0.00625         3.67899e-06         4       0
  85             0.53125             1.05395              1.0539           0.0814056           0.0814026             0.00625         3.68124e-06         4       0
  86              0.5375             1.05544             1.05538           0.0651027           0.0651002             0.00625         3.68317e-06         4       0
  87             0.54375             1.05662             1.05656           0.0487865           0.0487845             0.00625          3.6848e-06         4       0
  88                0.55             1.05749             1.05743           0.0324598           0.0324584             0.00625         3.68611e-06         4       0
  89             0.55625             1.05805               1.058           0.0161255           0.0161245             0.00625          3.6871e-06         4       0
  90              0.5625             1.05831             1.05826        -0.000213668        -0.000214102             0.00625         3.68777e-06         4       0
  91             0.56875             1.05827             1.05821          -0.0165548          -0.0165547             0.00625         3.68811e-06         4       0
  92               0.575             1.05791             1.05786          -0.0328951          -0.0328946             0.00625         3.68813e-06         4       0
  93             0.58125             1.05726              1.0572          -0.0492318          -0.0492307             0.00625         3.68783e-06         4       0
  94              0.5875             1.05629             1.05623          -0.0655621          -0.0655605             0.00625          3.6872e-06         4       0
  95             0.59375             1.05502             1.05496           -0.081883          -0.0818809             0.00625         3.68626e-06         4       0
  96                 0.6             1.05344             1.05339          -0.0981918          -0.0981891             0.00625         3.68501e-06         4       0
  97             0.60625             1.05156              1.0515           -0.114486           -0.114482             0.00625         3.68344e-06         4       0
  98              0.6125             1.04937             1.04931           -0.130761           -0.130758             0.00625         3.68158e-06         4       0
  99             0.61875             1.04687             1.04682           -0.147016           -0.147012             0.00625         3.67942e-06         4       0
 100               0.625             1.04407             1.04402           -0.163248           -0.163243             0.00625         3.67699e-06         4       0
 101             0.63125             1.04097             1.04092           -0.179452           -0.179447             0.00625         3.67427e-06         4       0
 102              0.6375             1.03756             1.03751           -0.195627           -0.195621             0.00625          3.6713e-06         4       0
 103             0.64375             1.03385              1.0338           -0.211769           -0.211763             0.00625         3.66808e-06         4       0
 104                0.65             1.02984             1.02979           -0.227875           -0.227868             0.00625         3.66463e-06         4       0
 105             0.65625             1.02553             1.02547           -0.243942           -0.243935             0.00625         3.66096e-06         4       0
 106              0.6625             1.02091             1.02086           -0.259967           -0.259959             0.00625          3.6571e-06         4       0
 107             0.66875               1.016             1.01594           -0.275946           -0.275938             0.00625         3.65306e-06         4       0
 108               0.675             1.01078             1.01073           -0.291877           -0.291868             0.00625         3.64887e-06         4       0
 109             0.68125             1.00527             1.00521           -0.307755           -0.307745             0.00625         3.64454e-06         4       0
 110              0.6875            0.999455            0.999401           -0.323578           -0.323567             0.00625          3.6401e-06         4       0
 111             0.69375            0.993347            0.993293           -0.339341            -0.33933             0.00625         3.63559e-06         4       0
 112                 0.7            0.986943             0.98689           -0.355042            -0.35503             0.00625         3.63102e-06         4       0
 113             0.70625            0.980245            0.980193           -0.370676           -0.370664             0.00625         3.62644e-06         4       0
 114              0.7125            0.973255            0.973202           -0.386241           -0.386227             0.00625         3.62186e-06         4       0
 115             0.71875            0.965972             0.96592           -0.401731           -0.401717             0.00625         3.61734e-06         4       0
 116               0.725              0.9584            0.958348           -0.417144           -0.417129             0.00625          3.6129e-06         4       0
 117             0.73125            0.950538            0.950486           -0.432474           -0.432459             0.00625         3.60858e-06         4       0
 118              0.7375             0.94239            0.942338            -0.44772           -0.447703             0.00625         3.60442e-06         4       0
 119             0.74375            0.933956            0.933904           -0.462875           -0.462858             0.00625         3.60046e-06         4       0
 120                0.75            0.925237            0.925186           -0.477936           -0.477918             0.00625         3.59675e-06         4       0
 121             0.75625            0.916237            0.916186           -0.492899            -0.49288             0.00625         3.59334e-06         4       0
 122              0.7625            0.906957            0.906906           -0.507758           -0.507739             0.00625         3.59026e-06         4       0
 123             0.76875            0.897398            0.897348           -0.522511           -0.522491             0.00625         3.58756e-06         4       0
 124               0.775            0.887562            0.887513           -0.537152           -0.537131             0.00625         3.58529e-06         4       0
 125             0.78125            0.877453            0.877404           -0.551677           -0.551655             0.00625         3.58351e-06         4       0
 126              0.7875            0.867072            0.867023           -0.566081           -0.566058             0.00625         3.58225e-06         4       0
 127             0.79375             0.85642            0.856372           -0.580358           -0.580335             0.00625         3.58157e-06         4       0
 128                 0.8            0.845502            0.845454           -0.594505           -0.594481             0.00625         3.58151e-06         4       0
 129             0.80625            0.834318            0.834271           -0.608517           -0.608491             0.00625         3.58213e-06         4       0
 130              0.8125            0.822872            0.822826           -0.622387           -0.622361             0.00625         3.58346e-06         4       0
 131             0.81875            0.811167             0.81112           -0.636112           -0.636085             0.00625         3.58555e-06         4       0
 132               0.825            0.799204            0.799159           -0.649686           -0.649658             0.00625         3.58845e-06         4       0
 133             0.83125            0.786988            0.786942           -0.663104           -0.663075             0.00625         3.59219e-06         4       0
 134              0.8375             0.77452            0.774475           -0.676361           -0.676331             0.00625          3.5968e-06         4       0
 135             0.84375            0.761804             0.76176            -0.68945           -0.689419             0.00625         3.60233e-06         4       0
 136                0.85            0.748843              0.7488           -0.702367           -0.702336             0.00625          3.6088e-06         4       0
 137             0.85625            0.735641            0.735598           -0.715107           -0.715074             0.00625         3.61624e-06         4       0
 138              0.8625              0.7222            0.722157           -0.727664            -0.72763             0.00625         3.62466e-06         4       0
 139             0.86875            0.708524            0.708482           -0.740031           -0.739996             0.00625         3.63408e-06         4       0
 140               0.875            0.694617            0.694575           -0.752205           -0.752169             0.00625         3.64452e-06         4       0
 141             0.88125            0.680482            0.680441           -0.764178           -0.764141             0.00625         3.65596e-06         4       0
 142              0.8875            0.666123            0.666083           -0.775946           -0.775908             0.00625         3.66841e-06         4       0
 143             0.89375            0.651544            0.651504           -0.787502           -0.787464             0.00625         3.68186e-06         4       0
 144                 0.9            0.636748             0.63671           -0.798842           -0.798802             0.00625          3.6963e-06         4       0
 145             0.90625            0.621741            0.621703           -0.809959           -0.809918             0.00625         3.71169e-06         4       0
 146              0.9125            0.606526            0.606489           -0.820848           -0.820806             0.00625         3.72801e-06         4       0
 147             0.91875            0.591107            0.591071           -0.831503            -0.83146             0.00625         3.74523e-06         4       0
 148               0.925            0.575489            0.575454           -0.841918           -0.841874             0.00625         3.76329e-06         4       0
 149             0.93125            0.559677            0.559643           -0.852088           -0.852043             0.00625         3.78215e-06         4       0
 150              0.9375            0.543674            0.543641           -0.862007           -0.861961             0.00625         3.80175e-06         4       0
 151             0.94375            0.527487            0.527454            -0.87167           -0.871623             0.00625         3.82202e-06         4       0
 152                0.95            0.511118            0.511086           -0.881071           -0.881023             0.00625         3.84291e-06         4       0
 153             0.95625            0.494574            0.494543           -0.890205           -0.890156             0.00625         3.86433e-06         4       0
 154              0.9625             0.47786             0.47783           -0.899067           -0.899017             0.00625          3.8862e-06         4       0
 155             0.96875             0.46098            0.460951           -0.907651             -0.9076             0.00625         3.90844e-06         4       0
 156               0.975             0.44394            0.443912           -0.915951             -0.9159             0.00625         3.93097e-06         4       0
 157             0.98125            0.426745            0.426718           -0.923964           -0.923911             0.00625         3.95368e-06         4       0
 158              0.9875            0.409401            0.409374           -0.931684            -0.93163             0.00625         3.97649e-06         4       0
 159             0.99375            0.391912            0.391887           -0.939106           -0.939051             0.00625          3.9993e-06         4       0
 160                   1            0.374285            0.374261           -0.946225            -0.94617             0.00625           4.022e-06         4       0
 161             1.00625            0.356526            0.356503           -0.953037           -0.952981             0.00625         4.04451e-06         4       0
 162              1.0125            0.338639            0.338617           -0.959537            -0.95948             0.00625         4.06671e-06         4       0
 163             1.01875            0.320632            0.320611           -0.965722           -0.965664             0.00625          4.0885e-06         4       0
 164               1.025            0.302509            0.302489           -0.971587           -0.971528             0.00625          4.1098e-06         4       0
 165             1.03125            0.284278            0.284259           -0.977127           -0.977068             0.00625         4.13049e-06         4       0
 166              1.0375            0.265943            0.265925            -0.98234            -0.98228             0.00625         4.15049e-06         4       0
 167             1.04375            0.247511            0.247495           -0.987222           -0.987161             0.00625         4.16969e-06         4       0
 168                1.05            0.228989            0.228974           -0.991768           -0.991707             0.00625         4.18801e-06         4       0
 169             1.05625            0.210382            0.210368           -0.995977           -0.995916             0.00625         4.20537e-06         4       0
 170              1.0625            0.191698            0.191685           -0.999845           -0.999783             0.00625         4.22167e-06         4       0
 171             1.06875            0.172941            0.172929            -1.00337            -1.00331             0.00625         4.23684e-06         4       0
 172               1.075             0.15412            0.154109            -1.00655            -1.00649             0.00625          4.2508e-06         4       0
 173             1.08125             0.13524             0.13523            -1.00938            -1.00931             0.00625         4.26349e-06         4       0
 174              1.0875            0.116307            0.116299            -1.01186            -1.01179             0.00625         4.27486e-06         4       0
 175             1.09375           0.0973295           0.0973223            -1.01398            -1.01392             0.00625         4.28483e-06         4       0
 176                 1.1           0.0783126           0.0783066            -1.01576            -1.01569             0.00625         4.29337e-06         4       0
 177             1.10625           0.0592635           0.0592587            -1.01717            -1.01711             0.00625         4.30043e-06         4       0
 178              1.1125           0.0401886           0.0401851            -1.01823            -1.01817             0.00625         4.30597e-06         4       0
 179             1.11875           0.0210949           0.0210925            -1.01894            -1.01887             0.00625         4.30998e-06         4       0
 180               1.125          0.00198885          0.00198767            -1.01928            -1.01922             0.00625         4.31243e-06         4       0
 181             1.13125          -0.0171227          -0.0171227            -1.01927            -1.01921             0.00625         4.31331e-06         4       0
 182              1.1375          -0.0362331          -0.0362319             -1.0189            -1.01884             0.00625         4.31261e-06         4       0
 183             1.14375          -0.0553357          -0.0553332            -1.01817            -1.01811             0.00625         4.31034e-06         4       0
 184                1.15          -0.0744236          -0.0744199            -1.01709            -1.01702             0.00625         4.30651e-06         4       0
 185             1.15625          -0.0934902          -0.0934853            -1.01564            -1.01558             0.00625         4.30115e-06         4       0
 186              1.1625           -0.112529           -0.112523            -1.01384            -1.01378             0.00625         4.29426e-06         4       0
 187             1.16875           -0.131533           -0.131526            -1.01169            -1.01162             0.00625          4.2859e-06         4       0
 188               1.175           -0.150495           -0.150487            -1.00918            -1.00912             0.00625          4.2761e-06         4       0
 189             1.18125            -0.16941             -0.1694            -1.00632            -1.00626             0.00625         4.26492e-06         4       0
 190              1.1875            -0.18827           -0.188259            -1.00311            -1.00305             0.00625         4.25239e-06         4       0
 191             1.19375           -0.207069           -0.207057           -0.999552            -0.99949             0.00625          4.2386e-06         4       0
 192                 1.2           -0.225801           -0.225788            -0.99565           -0.995588             0.00625          4.2236e-06         4       0
 193             1.20625           -0.244458           -0.244444           -0.991404           -0.991343             0.00625         4.20747e-06         4       0
 194              1.2125           -0.263035            -0.26302           -0.986819           -0.986759             0.00625         4.19029e-06         4       0
 195             1.21875           -0.281525           -0.281509           -0.981898           -0.981837             0.00625         4.17214e-06         4       0
 196               1.225           -0.299922           -0.299904           -0.976643           -0.976583             0.00625         4.15311e-06         4       0
 197             1.23125            -0.31822           -0.318201           -0.971057           -0.970998             0.00625         4.13329e-06         4       0
 198              1.2375           -0.336412           -0.336392           -0.965146           -0.965088             0.00625         4.11278e-06         4       0
 199             1.24375           -0.354492           -0.354471           -0.958912           -0.958855             0.00625         4.09167e-06         4       0
 200                1.25           -0.372455           -0.372432            -0.95236           -0.952303             0.00625         4.07006e-06         4       0
 201             1.25625           -0.390293            -0.39027           -0.945493           -0.945437             0.00625         4.04807e-06         4       0
 202              1.2625           -0.408003           -0.407979           -0.938317           -0.938262             0.00625         4.02578e-06         4       0
 203             1.26875           -0.425577           -0.425551           -0.930836           -0.930781             0.00625          4.0033e-06         4       0
 204               1.275            -0.44301           -0.442983           -0.923053              -0.923             0.00625         3.98073e-06         4       0
 205             1.28125           -0.460296           -0.460269           -0.914975           -0.914923             0.00625         3.95817e-06         4       0
 206              1.2875            -0.47743           -0.477402           -0.906606           -0.906555             0.00625         3.93573e-06         4       0
 207             1.29375           -0.494406           -0.494377           -0.897952           -0.897901             0.00625         3.91349e-06         4       0
 208                 1.3            -0.51122           -0.511189           -0.889016           -0.888966             0.00625         3.89156e-06         4       0
 209             1.30625           -0.527865           -0.527834           -0.879805           -0.879756             0.00625         3.87002e-06         4       0
 210              1.3125           -0.544336           -0.544304           -0.870324           -0.870276             0.00625         3.84895e-06         4       0
 211             1.31875            -0.56063           -0.560597           -0.860578           -0.860531             0.00625         3.82845e-06         4       0
 212               1.325            -0.57674           -0.576706           -0.850572           -0.850526             0.00625         3.80857e-06         4       0
 213             1.33125           -0.592661           -0.592626           -0.840313           -0.840268             0.00625          3.7894e-06         4       0
 214              1.3375            -0.60839           -0.608354           -0.829806           -0.829762             0.00625           3.771e-06         4       0
 215             1.34375            -0.62392           -0.623884           -0.819057           -0.819014             0.00625         3.75343e-06         4       0
 216                1.35           -0.639249           -0.639212            -0.80807           -0.808028             0.00625         3.73673e-06         4       0
 217             1.35625           -0.654371           -0.654333           -0.796852           -0.796812             0.00625         3.72095e-06         4       0
 218              1.3625           -0.669283           -0.669244           -0.785409           -0.785369             0.00625         3.70613e-06         4       0
 219             1.36875           -0.683979           -0.683939           -0.773746           -0.773707             0.00625         3.69229e-06         4       0
 220               1.375           -0.698455           -0.698415           -0.761869           -0.761831             0.00625         3.67946e-06         4       0
 221             1.38125           -0.712709           -0.712668           -0.749784           -0.749747             0.00625         3.66766e-06         4       0
 222              1.3875           -0.726736           -0.726694           -0.737496            -0.73746             0.00625         3.65689e-06         4       0
 223             1.39375           -0.740531           -0.740489           -0.725011           -0.724976             0.00625         3.64716e-06         4       0
 224                 1.4           -0.754092           -0.754049           -0.712335           -0.712301             0.00625         3.63846e-06         4       0
 225             1.40625           -0.767415           -0.767371           -0.699473            -0.69944             0.00625         3.63078e-06         4       0
 226              1.4125           -0.780496           -0.780452            -0.68643           -0.686399             0.00625          3.6241e-06         4       0
 227             1.41875           -0.793332           -0.793287           -0.673214           -0.673183             0.00625         3.61841e-06         4       0
 228               1.425            -0.80592           -0.805875           -0.659828           -0.659798             0.00625         3.61367e-06         4       0
 229             1.43125           -0.818257           -0.818211           -0.646278           -0.646249             0.00625         3.60986e-06         4       0
 230              1.4375           -0.830339           -0.830292            -0.63257           -0.632542             0.00625         3.60693e-06         4       0
 231             1.44375           -0.842163           -0.842116           -0.618708           -0.618682             0.00625         3.60486e-06         4       0
 232                1.45           -0.853728            -0.85368           -0.604699           -0.604673             0.00625          3.6036e-06         4       0
 233             1.45625           -0.865029           -0.864981           -0.590547           -0.590522             0.00625          3.6031e-06         4       0
 234              1.4625           -0.876064           -0.876016           -0.576258           -0.576234             0.00625         3.60332e-06         4       0
 235             1.46875           -0.886832           -0.886783           -0.561836           -0.561812             0.00625         3.60421e-06         4       0
 236               1.475           -0.897328           -0.897279           -0.547286           -0.547263             0.00625         3.60572e-06         4       0
 237             1.48125           -0.907552           -0.907502           -0.532613           -0.532592             0.00625         3.60781e-06         4       0
 238              1.4875             -0.9175            -0.91745           -0.517822           -0.517801             0.00625         3.61042e-06         4       0
 239             1.49375            -0.92717            -0.92712           -0.502918           -0.502898             0.00625          3.6135e-06         4       0
 240                 1.5           -0.936561            -0.93651           -0.487904           -0.487885             0.00625           3.617e-06         4       0
 241             1.50625           -0.945669           -0.945618           -0.472787           -0.472769             0.00625         3.62088e-06         4       0
 242              1.5125           -0.954495           -0.954443           -0.457569           -0.457552             0.00625         3.62508e-06         4       0
 243             1.51875           -0.963034           -0.962982           -0.442256           -0.442239             0.00625         3.62957e-06         4       0
 244               1.525           -0.971286           -0.971234           -0.426851           -0.426835             0.00625         3.63429e-06         4       0
 245             1.53125           -0.979249           -0.979197           -0.411359           -0.411344             0.00625         3.63919e-06         4       0
 246              1.5375           -0.986922           -0.986869           -0.395784            -0.39577             0.00625         3.64425e-06         4       0
 247             1.54375           -0.994302           -0.994249            -0.38013           -0.380116             0.00625         3.64942e-06         4       0
 248                1.55            -1.00139            -1.00134             -0.3644           -0.364387             0.00625         3.65465e-06         4       0
 249             1.55625            -1.00818            -1.00813           -0.348599           -0.348587             0.00625         3.65992e-06         4       0
 250              1.5625            -1.01467            -1.01462            -0.33273           -0.332718             0.00625         3.66518e-06         4       0
 251             1.56875            -1.02087            -1.02082           -0.316797           -0.316786             0.00625         3.67041e-06         4       0
 252               1.575            -1.02677            -1.02672           -0.300803           -0.300793             0.00625         3.67558e-06         4       0
 253             1.58125            -1.03237            -1.03231           -0.284753           -0.284743             0.00625         3.68065e-06         4       0
 254              1.5875            -1.03767            -1.03761           -0.268648           -0.268639             0.00625          3.6856e-06         4       0
 255             1.59375            -1.04266            -1.04261           -0.252494           -0.252485             0.00625         3.69041e-06         4       0
 256                 1.6            -1.04735             -1.0473           -0.236292           -0.236284             0.00625         3.69505e-06         4       0
 257             1.60625            -1.05174            -1.05169           -0.220047            -0.22004             0.00625         3.69949e-06         4       0
 258              1.6125            -1.05582            -1.05577           -0.203762           -0.203755             0.00625         3.70374e-06         4       0
 259             1.61875             -1.0596            -1.05955           -0.187439           -0.187432             0.00625         3.70775e-06         4       0
 260               1.625            -1.06307            -1.06302           -0.171081           -0.171075             0.00625         3.71152e-06         4       0
 261             1.63125            -1.06624            -1.06618           -0.154692           -0.154687             0.00625         3.71504e-06         4       0
 262              1.6375             -1.0691            -1.06904           -0.138275            -0.13827             0.00625         3.71829e-06         4       0
 263             1.64375            -1.07165            -1.07159           -0.121833           -0.121828             0.00625         3.72126e-06         4       0
 264                1.65            -1.07389            -1.07383           -0.105367           -0.105364             0.00625         3.72393e-06         4       0
 265             1.65625            -1.07582            -1.07577          -0.0888826          -0.0888795             0.00625         3.72631e-06         4       0
 266              1.6625            -1.07744            -1.07739          -0.0723809          -0.0723783             0.00625         3.72838e-06         4       0
 267             1.66875            -1.07876             -1.0787          -0.0558652          -0.0558631             0.00625         3.73014e-06         4       0
 268               1.675            -1.07976            -1.07971          -0.0393382          -0.0393366             0.00625         3.73158e-06         4       0
 269             1.68125            -1.08046             -1.0804          -0.0228028          -0.0228017             0.00625          3.7327e-06         4       0
 270              1.6875            -1.08084            -1.08079         -0.00626152          -0.0062609             0.00625         3.73349e-06         4       0
 271             1.69375            -1.08092            -1.08086           0.0102827           0.0102829             0.00625         3.73395e-06         4       0
 272                 1.7            -1.08068            -1.08062           0.0268273           0.0268269             0.00625         3.73409e-06         4       0
 273             1.70625            -1.08013            -1.08008           0.0433693           0.0433685             0.00625         3.73391e-06         4       0
 274              1.7125            -1.07928            -1.07922           0.0599062           0.0599048             0.00625         3.73339e-06         4       0
 275             1.71875            -1.07811            -1.07806           0.0764351           0.0764332             0.00625         3.73256e-06         4       0
 276               1.725            -1.07664            -1.07658           0.0929533           0.0929509             0.00625         3.73141e-06         4       0
 277             1.73125            -1.07485            -1.07479            0.109458            0.109455             0.00625         3.72994e-06         4       0
 278              1.7375            -1.07276             -1.0727            0.125946            0.125943             0.00625         3.72817e-06         4       0
 279             1.74375            -1.07035            -1.07029            0.142416            0.142412             0.00625         3.72609e-06         4       0
 280                1.75            -1.06764            -1.06758            0.158863            0.158859             0.00625         3.72373e-06         4       0
 281             1.75625            -1.06462            -1.06456            0.175285             0.17528             0.00625         3.72108e-06         4       0
 282              1.7625            -1.06129            -1.06123             0.19168            0.191675             0.00625         3.71816e-06         4       0
 283             1.76875            -1.05765            -1.05759            0.208044            0.208038             0.00625         3.71499e-06         4       0
 284               1.775            -1.05371            -1.05365            0.224374            0.224367             0.00625         3.71157e-06         4       0
 285             1.78125            -1.04946             -1.0494            0.240667             0.24066             0.00625         3.70792e-06         4       0
 286              1.7875             -1.0449            -1.04485             0.25692            0.256913             0.00625         3.70406e-06         4       0
 287             1.79375            -1.04004            -1.03999             0.27313            0.273122             0.00625         3.70001e-06         4       0
 288                 1.8            -1.03488            -1.03483            0.289294            0.289285             0.00625         3.69579e-06         4       0
 289             1.80625            -1.02941            -1.02936            0.305408            0.305399             0.00625         3.69141e-06         4       0
 290              1.8125            -1.02365            -1.02359            0.321469            0.321459             0.00625         3.68691e-06         4       0
 291             1.81875            -1.01758            -1.01752            0.337474            0.337463             0.00625         3.68232e-06         4       0
 292               1.825            -1.01121            -1.01115            0.353418            0.353407             0.00625         3.67765e-06         4       0
 293             1.83125            -1.00454            -1.00449            0.369299            0.369287             0.00625         3.67294e-06         4       0
 294              1.8375           -0.997573            -0.99752            0.385113              0.3851             0.00625         3.66822e-06         4       0
 295             1.84375           -0.990312           -0.990258            0.400855            0.400842             0.00625         3.66353e-06         4       0
 296                1.85           -0.982755           -0.982702            0.416523            0.416509             0.00625         3.65889e-06         4       0
 297             1.85625           -0.974904           -0.974851            0.432112            0.432098             0.00625         3.65436e-06         4       0
 298              1.8625           -0.966762           -0.966709            0.447619            0.447603             0.00625         3.64997e-06         4       0
 299             1.86875           -0.958329           -0.958277            0.463039            0.463022             0.00625         3.64575e-06         4       0
 300               1.875           -0.949607           -0.949555            0.478367             0.47835             0.00625         3.64176e-06         4       0
 301             1.88125           -0.940598           -0.940546            0.493601            0.493583             0.00625         3.63804e-06         4       0
 302              1.8875           -0.931303           -0.931252            0.508735            0.508716             0.00625         3.63464e-06         4       0
 303             1.89375           -0.921725           -0.921675            0.523765            0.523746             0.00625          3.6316e-06         4       0
 304                 1.9           -0.911866           -0.911815            0.538687            0.538666             0.00625         3.62897e-06         4       0
 305             1.90625           -0.901727           -0.901677            0.553495            0.553474             0.00625         3.62681e-06         4       0
 306              1.9125           -0.891311           -0.891261            0.568186            0.568164             0.00625         3.62516e-06         4       0
 307             1.91875           -0.880619            -0.88057            0.582754            0.582731             0.00625         3.62408e-06         4       0
 308               1.925           -0.869655           -0.869606            0.597195            0.597171             0.00625         3.62361e-06         4       0
 309             1.93125            -0.85842           -0.858372            0.611503            0.611478             0.00625         3.62381e-06         4       0
 310              1.9375           -0.846918            -0.84687            0.625673            0.625648             0.00625         3.62472e-06         4       0
 311             1.94375            -0.83515           -0.835102            0.639701            0.639675             0.00625         3.62639e-06         4       0
 312                1.95           -0.823119           -0.823072            0.653581            0.653554             0.00625         3.62888e-06         4       0
 313             1.95625           -0.810829           -0.810782            0.667308             0.66728             0.00625         3.63222e-06         4       0
 314              1.9625           -0.798281           -0.798235            0.680877            0.680848             0.00625         3.63645e-06         4       0
 315             1.96875            -0.78548           -0.785435            0.694282            0.694251             0.00625         3.64162e-06         4       0
 316               1.975           -0.772428           -0.772383            0.707517            0.707486             0.00625         3.64775e-06         4       0
 317             1.98125           -0.759128           -0.759084            0.720577            0.720545             0.00625         3.65488e-06         4       0
 318              1.9875           -0.745583            -0.74554            0.733457            0.733424             0.00625         3.66303e-06         4       0
 319             1.99375           -0.731798           -0.731755            0.746151            0.746116             0.00625         3.67222e-06         4       0
 320                   2           -0.717775           -0.717733            0.758653            0.758617             0.00625         3.68247e-06         4       0
 321             2.00625           -0.703518           -0.703477            0.770957             0.77092             0.00625         3.69379e-06         4       0
 322              2.0125           -0.689031            -0.68899            0.783057             0.78302             0.00625         3.70617e-06         4       0
 323             2.01875           -0.674318           -0.674278            0.794949             0.79491             0.00625         3.71961e-06         4       0
 324               2.025           -0.659382           -0.659343            0.806625            0.806586             0.00625         3.73411e-06         4       0
 325             2.03125           -0.644228           -0.644189            0.818081             0.81804             0.00625         3.74963e-06         4       0
 326              2.0375            -0.62886           -0.628822             0.82931            0.829268             0.00625         3.76616e-06         4       0
 327             2.04375           -0.613282           -0.613245            0.840306            0.840263             0.00625         3.78366e-06         4       0
 328                2.05           -0.597498           -0.597462            0.851064             0.85102             0.00625         3.80209e-06         4       0
 329             2.05625           -0.581513           -0.581478            0.861578            0.861533             0.00625         3.82141e-06         4       0
 330              2.0625           -0.565332           -0.565297            0.871842            0.871796             0.00625         3.84155e-06         4       0
 331             2.06875           -0.548959           -0.548925             0.88185            0.881803             0.00625         3.86245e-06         4       0
 332               2.075           -0.532399           -0.532366            0.891597            0.891549             0.00625         3.88406e-06         4       0
 333             2.08125           -0.515656           -0.515624            0.901077            0.901028             0.00625         3.90628e-06         4       0
 334              2.0875           -0.498737           -0.498706            0.910284            0.910234             0.00625         3.92905e-06         4       0
 335             2.09375           -0.481646           -0.481616            0.919214            0.919163             0.00625         3.95227e-06         4       0
 336                 2.1           -0.464388           -0.464359             0.92786            0.927808             0.00625         3.97586e-06         4       0
 337             2.10625           -0.446969           -0.446941            0.936217            0.936164             0.00625         3.99972e-06         4       0
 338              2.1125           -0.429394           -0.429367             0.94428            0.944226             0.00625         4.02376e-06         4       0
 339             2.11875           -0.411669           -0.411642            0.952044            0.951989             0.00625         4.04786e-06         4       0
 340               2.125           -0.393798           -0.393773            0.959504            0.959448             0.00625         4.07193e-06         4       0
 341             2.13125           -0.375789           -0.375765            0.966655            0.966598             0.00625         4.09586e-06         4       0
 342              2.1375           -0.357646           -0.357623            0.973492            0.973435             0.00625         4.11955e-06         4       0
 343             2.14375           -0.339376           -0.339354            0.980012            0.979953             0.00625         4.14289e-06         4       0
 344                2.15           -0.320985           -0.320964            0.986208            0.986149             0.00625         4.16578e-06         4       0
 345             2.15625           -0.302478           -0.302458            0.992078            0.992019             0.00625         4.18809e-06         4       0
 346              2.1625           -0.283862           -0.283843            0.997617            0.997557             0.00625         4.20975e-06         4       0
 347             2.16875           -0.265143           -0.265126             1.00282             1.00276             0.00625         4.23063e-06         4       0
 348               2.175           -0.246328           -0.246311             1.00769             1.00763             0.00625         4.25065e-06         4       0
 349             2.18125           -0.227422           -0.227406             1.01221             1.01215             0.00625          4.2697e-06         4       0
 350              2.1875           -0.208432           -0.208418             1.01639             1.01633             0.00625          4.2877e-06         4       0
 351             2.19375           -0.189365           -0.189352             1.02022             1.02016             0.00625         4.30457e-06         4       0
 352                 2.2           -0.170226           -0.170214              1.0237             1.02364             0.00625         4.32021e-06         4       0
 353             2.20625           -0.151024           -0.151013             1.02683             1.02677             0.00625         4.33455e-06         4       0
 354              2.2125           -0.131763           -0.131754              1.0296             1.02954             0.00625         4.34753e-06         4       0
 355             2.21875           -0.112452           -0.112444             1.03202             1.03195             0.00625         4.35908e-06         4       0
 356               2.225          -0.0930963          -0.0930893             1.03407               1.034             0.00625         4.36914e-06         4       0
 357             2.23125          -0.0737031          -0.0736973             1.03576              1.0357             0.00625         4.37767e-06         4       0
 358              2.2375           -0.054279          -0.0542745             1.03709             1.03703             0.00625         4.38462e-06         4       0
 359             2.24375           -0.034831          -0.0348277             1.03806             1.03799             0.00625         4.38996e-06         4       0
 360                2.25          -0.0153658          -0.0153638             1.03866              1.0386             0.00625         4.39366e-06         4       0
 361             2.25625          0.00410974          0.00411055              1.0389             1.03883             0.00625         4.39571e-06         4       0
 362              2.2625           0.0235888           0.0235884             1.03877              1.0387             0.00625         4.39609e-06         4       0
 363             2.26875           0.0430645           0.0430628             1.03828             1.03821             0.00625         4.39481e-06         4       0
 364               2.275             0.06253           0.0625271             1.03742             1.03735             0.00625         4.39187e-06         4       0
 365             2.28125           0.0819785           0.0819743              1.0362             1.03613             0.00625         4.38728e-06         4       0
 366              2.2875            0.101403            0.101398             1.03461             1.03455             0.00625         4.38106e-06         4       0
 367             2.29375            0.120797             0.12079             1.03266              1.0326             0.00625         4.37326e-06         4       0
 368                 2.3            0.140153            0.140146             1.03035             1.03029             0.00625          4.3639e-06         4       0
 369             2.30625            0.159466            0.159457             1.02768             1.02762             0.00625         4.35304e-06         4       0
 370              2.3125            0.178727            0.178717             1.02466             1.02459             0.00625         4.34072e-06         4       0
 371             2.31875             0.19793            0.197919             1.02128             1.02121             0.00625         4.32701e-06         4       0
 372               2.325             0.21707            0.217057             1.01754             1.01748             0.00625         4.31198e-06         4       0
 373             2.33125            0.236138            0.236124             1.01345             1.01339             0.00625          4.2957e-06         4       0
 374              2.3375            0.255129            0.255114             1.00902             1.00896             0.00625         4.27824e-06         4       0
 375             2.34375            0.274035            0.274019             1.00424             1.00418             0.00625         4.25971e-06         4       0
 376                2.35            0.292852            0.292834            0.999117            0.999056             0.00625         4.24017e-06         4       0
 377             2.35625            0.311571            0.311552            0.993658            0.993597             0.00625         4.21974e-06         4       0
 378              2.3625            0.330187            0.330167            0.987864            0.987804             0.00625         4.19851e-06         4       0
 379             2.36875            0.348693            0.348673            0.981739             0.98168             0.00625         4.17658e-06         4       0
 380               2.375            0.367084            0.367062            0.975288             0.97523             0.00625         4.15405e-06         4       0
 381             2.38125            0.385353             0.38533            0.968514            0.968457             0.00625         4.13104e-06         4       0
 382              2.3875            0.403494             0.40347            0.961423            0.961366             0.00625         4.10764e-06         4       0
 383             2.39375            0.421502            0.421477            0.954018            0.953962             0.00625         4.08398e-06         4       0
 384                 2.4             0.43937            0.439344            0.946304            0.946249             0.00625         4.06015e-06         4       0
 385             2.40625            0.457092            0.457065            0.938287            0.938232             0.00625         4.03626e-06         4       0
 386              2.4125            0.474663            0.474635             0.92997            0.929917             0.00625         4.01243e-06         4       0
 387             2.41875            0.492078            0.492049            0.921361            0.921308             0.00625         3.98875e-06         4       0
 388               2.425             0.50933              0.5093            0.912462            0.912411             0.00625         3.96532e-06         4       0
 389             2.43125            0.526415            0.526384            0.903281            0.903231             0.00625         3.94225e-06         4       0
 390              2.4375            0.543327            0.543295            0.893822            0.893773             0.00625         3.91963e-06         4       0
 391             2.44375            0.560061            0.560028            0.884092            0.884043             0.00625         3.89754e-06         4       0
 392                2.45            0.576611            0.576578            0.874094            0.874047             0.00625         3.87607e-06         4       0
 393             2.45625            0.592974            0.592939            0.863837             0.86379             0.00625          3.8553e-06         4       0
 394              2.4625            0.609144            0.609108            0.853324            0.853278             0.00625          3.8353e-06         4       0
 395             2.46875            0.625115            0.625079            0.842561            0.842517             0.00625         3.81614e-06         4       0
 396               2.475            0.640885            0.640848            0.831556            0.831513             0.00625         3.79786e-06         4       0
 397             2.48125            0.656447            0.656409            0.820313            0.820271             0.00625         3.78053e-06         4       0
 398              2.4875            0.671798            0.671759            0.808838            0.808797             0.00625         3.76419e-06         4       0
 399             2.49375            0.686934            0.686894            0.797137            0.797097             0.00625         3.74887e-06         4       0
 400                 2.5            0.701849            0.701808            0.785216            0.785177             0.00625          3.7346e-06         4       0
 401             2.50625             0.71654            0.716499            0.773081            0.773044             0.00625         3.72141e-06         4       0
 402              2.5125            0.731003            0.730961            0.760738            0.760702             0.00625          3.7093e-06         4       0
 403             2.51875            0.745234            0.745192            0.748193            0.748157             0.00625         3.69828e-06         4       0
 404               2.525             0.75923            0.759187            0.735451            0.735416             0.00625         3.68835e-06         4       0
 405             2.53125            0.772986            0.772942            0.722518            0.722485             0.00625          3.6795e-06         4       0
 406              2.5375            0.786499            0.786455              0.7094            0.709368             0.00625         3.67172e-06         4       0
 407             2.54375            0.799766            0.799721            0.696103            0.696072             0.00625           3.665e-06         4       0
 408                2.55            0.812782            0.812737            0.682632            0.682602             0.00625         3.65929e-06         4       0
 409             2.55625            0.825546              0.8255            0.668993            0.668964             0.00625         3.65458e-06         4       0
 410              2.5625            0.838054            0.838007            0.655191            0.655163             0.00625         3.65082e-06         4       0
 411             2.56875            0.850303            0.850255            0.641232            0.641205             0.00625         3.64798e-06         4       0
 412               2.575            0.862289            0.862241            0.627121            0.627095             0.00625         3.64602e-06         4       0
 413             2.58125             0.87401            0.873962            0.612864            0.612838             0.00625         3.64489e-06         4       0
 414              2.5875            0.885464            0.885415            0.598465            0.598441             0.00625         3.64454e-06         4       0
 415             2.59375            0.896647            0.896598            0.583931            0.583907             0.00625         3.64493e-06         4       0
 416                 2.6            0.907558            0.907508            0.569265            0.569242             0.00625           3.646e-06         4       0
 417             2.60625            0.918193            0.918143            0.554472             0.55445             0.00625         3.64769e-06         4       0
 418              2.6125            0.928551              0.9285            0.539559            0.539538             0.00625         3.64997e-06         4       0
 419             2.61875            0.938628            0.938577            0.524529            0.524509             0.00625         3.65277e-06         4       0
 420               2.625            0.948424            0.948373            0.509388            0.509368             0.00625         3.65605e-06         4       0
 421             2.63125            0.957935            0.957883            0.494139             0.49412             0.00625         3.65975e-06         4       0
 422              2.6375             0.96716            0.967108            0.478787             0.47877             0.00625         3.66381e-06         4       0
 423             2.64375            0.976097            0.976045            0.463338            0.463321             0.00625          3.6682e-06         4       0
 424                2.65            0.984744            0.984692            0.447794            0.447778             0.00625         3.67287e-06         4       0
 425             2.65625              0.9931            0.993047            0.432161            0.432145             0.00625         3.67775e-06         4       0
 426              2.6625             1.00116             1.00111            0.416442            0.416427             0.00625         3.68283e-06         4       0
 427             2.66875             1.00893             1.00888            0.400642            0.400628             0.00625         3.68804e-06         4       0
 428               2.675              1.0164             1.01635            0.384764            0.384751             0.00625         3.69334e-06         4       0
 429             2.68125             1.02357             1.02352            0.368813              0.3688             0.00625         3.69871e-06         4       0
 430              2.6875             1.03045             1.03039            0.352791            0.352779             0.00625          3.7041e-06         4       0
 431             2.69375             1.03702             1.03696            0.336704            0.336693             0.00625         3.70948e-06         4       0
 432                 2.7             1.04329             1.04324            0.320554            0.320543             0.00625         3.71481e-06         4       0
 433             2.70625             1.04926              1.0492            0.304345            0.304335             0.00625         3.72007e-06         4       0
 434              2.7125             1.05492             1.05487             0.28808            0.288071             0.00625         3.72523e-06         4       0
 435             2.71875             1.06028             1.06023            0.271764            0.271755             0.00625         3.73025e-06         4       0
 436               2.725             1.06533             1.06528            0.255398            0.255389             0.00625         3.73512e-06         4       0
 437             2.73125             1.07008             1.07002            0.238986            0.238979             0.00625         3.73982e-06         4       0
 438              2.7375             1.07452             1.07446            0.222533            0.222526             0.00625         3.74431e-06         4       0
 439             2.74375             1.07865             1.07859             0.20604            0.206033             0.00625          3.7486e-06         4       0
 440                2.75             1.08247             1.08241             0.18951            0.189504             0.00625         3.75265e-06         4       0
 441             2.75625             1.08598             1.08592            0.172947            0.172942             0.00625         3.75645e-06         4       0
 442              2.7625             1.08918             1.08912            0.156354            0.156349             0.00625         3.75998e-06         4       0
 443             2.76875             1.09207             1.09201            0.139734            0.139729             0.00625         3.76325e-06         4       0
 444               2.775             1.09464             1.09459            0.123088            0.123084             0.00625         3.76623e-06         4       0
 445             2.78125             1.09691             1.09685            0.106421            0.106418             0.00625         3.76891e-06         4       0
 446              2.7875             1.09886              1.0988           0.0897352           0.0897322             0.00625          3.7713e-06         4       0
 447             2.79375              1.1005             1.10044           0.0730328           0.0730303             0.00625         3.77337e-06         4       0
 448                 2.8             1.10182             1.10177           0.0563168           0.0563148             0.00625         3.77512e-06         4       0
 449             2.80625             1.10284             1.10278             0.03959           0.0395884             0.00625         3.77656e-06         4       0
 450              2.8125             1.10354             1.10348            0.022855           0.0228539             0.00625         3.77767e-06         4       0
 451             2.81875             1.10392             1.10386          0.00611439           0.0061138             0.00625         3.77845e-06         4       0
 452               2.825             1.10399             1.10393          -0.0106291          -0.0106292             0.00625         3.77891e-06         4       0
 453             2.83125             1.10375             1.10369          -0.0273727          -0.0273724             0.00625         3.77904e-06         4       0
 454              2.8375             1.10319             1.10314           -0.044114          -0.0441132             0.00625         3.77884e-06         4       0
 455             2.84375             1.10232             1.10226          -0.0608502          -0.0608489             0.00625         3.77831e-06         4       0
 456                2.85             1.10114             1.10108          -0.0775786          -0.0775768             0.00625         3.77746e-06         4       0
 457             2.85625             1.09964             1.09958          -0.0942967          -0.0942944             0.00625         3.77629e-06         4       0
 458              2.8625             1.09783             1.09777           -0.111002           -0.110999             0.00625          3.7748e-06         4       0
 459             2.86875              1.0957             1.09565           -0.127691           -0.127687             0.00625           3.773e-06         4       0
 460               2.875             1.09326             1.09321           -0.144361           -0.144357             0.00625          3.7709e-06         4       0
 461             2.88125             1.09051             1.09046            -0.16101           -0.161006             0.00625          3.7685e-06         4       0
 462              2.8875             1.08745              1.0874           -0.177636           -0.177631             0.00625         3.76582e-06         4       0
 463             2.89375             1.08408             1.08402           -0.194234           -0.194228             0.00625         3.76286e-06         4       0
 464                 2.9             1.08039             1.08034           -0.210802           -0.210796             0.00625         3.75964e-06         4       0
 465             2.90625              1.0764             1.07634           -0.227337           -0.227331             0.00625         3.75617e-06         4       0
 466              2.9125             1.07209             1.07204           -0.243836           -0.243829             0.00625         3.75247e-06         4       0
 467             2.91875             1.06748             1.06742           -0.260297            -0.26029             0.00625         3.74855e-06         4       0
 468               2.925             1.06255              1.0625           -0.276716           -0.276708             0.00625         3.74443e-06         4       0
 469             2.93125             1.05732             1.05727           -0.293089            -0.29308             0.00625         3.74013e-06         4       0
 470              2.9375             1.05178             1.05173           -0.309414           -0.309405             0.00625         3.73568e-06         4       0
 471             2.94375             1.04594             1.04589           -0.325687           -0.325677             0.00625         3.73109e-06         4       0
 472                2.95             1.03979             1.03974           -0.341905           -0.341895             0.00625         3.72639e-06         4       0
 473             2.95625             1.03334             1.03328           -0.358065           -0.358054             0.00625         3.72161e-06         4       0
 474              2.9625             1.02658             1.02653           -0.374163           -0.374151             0.00625         3.71679e-06         4       0
 475             2.96875             1.01953             1.01947           -0.390194           -0.390182             0.00625         3.71194e-06         4       0
 476               2.975             1.01217             1.01211           -0.406157           -0.406144             0.00625         3.70711e-06         4       0
 477             2.98125             1.00451             1.00446           -0.422046           -0.422032             0.00625         3.70234e-06         4       0
 478              2.9875            0.996557            0.996504           -0.437858           -0.437843             0.00625         3.69765e-06         4       0
 479             2.99375            0.988307            0.988253           -0.453589           -0.453573             0.00625          3.6931e-06         4       0
