i		x		u(x)		u^(x)		hi		E		C1		C2
0		0		0		1		0.1		
1		0.1		0.987511		0.9714		0.1		0.0161114		0		0
2		0.2		0.887373		0.872887		0.1		0.0144863		0		0
3		0.3		0.711113		0.700325		0.1		0.0107882		0		0
4		0.4		0.480008		0.473413		0.1		0.00659485		0		0
5		0.5		0.216357		0.213127		0.1		0.00323004		0		0
6		0.6		-0.0627581		-0.0637869		0.1		0.0010288		0		0
7		0.7		-0.34621		-0.345661		0.1		0.000549511		0		0
8		0.8		-0.625232		-0.62277		0.1		0.002462		0		0
9		0.9		-0.888026		-0.882377		0.1		0.00564844		0		0
10		1		-1.115		-1.10447		0.1		0.0105312		0		0
11		1.1		-1.27762		-1.26129		0.1		0.0163352		0		0
12		1.2		-1.34461		-1.32388		0.1		0.0207366		0		0
13		1.3		-1.29585		-1.27488		0.1		0.0209745		0		0
14		1.4		-1.13595		-1.11959		0.1		0.0163567		0		0
15		1.5		-0.89416		-0.884807		0.1		0.00935299		0		0
16		1.6		-0.608743		-0.605338		0.1		0.00340456		0		0
17		1.7		-0.309459		-0.309228		0.2		0.000230696		0		1
18		1.9		0.287595		0.285629		0.2		0.0019656		0		1
19		2.1		0.877319		0.880354		0.2		0.00303449		0		1
20		2.3		1.47473		1.46033		0.2		0.0144005		0		1
21		2.4		1.71407		1.69717		0.1		0.0168997		0		1
22		2.5		1.84775		1.82114		0.1		0.026612		0		1
23		2.6		1.82891		1.79958		0.1		0.0293334		0		1
24		2.7		1.65586		1.63449		0.1		0.0213786		0		1
25		2.8		1.38225		1.37454		0.1		0.00771107		0		1
26		2.9		1.08276		1.08612		0.1		0.00336162		0		1
27		3		0.811668		0.820141		0.1		0.00847249		0		1
